(kicad_pcb (version 20171130) (host pcbnew "(5.0.0-rc2-30-gcd5f727)")

  (general
    (thickness 1.6)
    (drawings 6)
    (tracks 13)
    (zones 0)
    (modules 7)
    (nets 6)
  )

  (page A4)
  (layers
    (0 F.Cu signal)
    (31 B.Cu signal)
    (32 B.Adhes user)
    (33 F.Adhes user)
    (34 B.Paste user)
    (35 F.Paste user)
    (36 B.SilkS user)
    (37 F.SilkS user)
    (38 B.Mask user)
    (39 F.Mask user)
    (40 Dwgs.User user)
    (41 Cmts.User user)
    (42 Eco1.User user)
    (43 Eco2.User user)
    (44 Edge.Cuts user)
    (45 Margin user)
    (46 B.CrtYd user)
    (47 F.CrtYd user)
    (48 B.Fab user)
    (49 F.Fab user)
  )

  (setup
    (last_trace_width 0.4)
    (trace_clearance 0.2)
    (zone_clearance 1)
    (zone_45_only no)
    (trace_min 0.2)
    (segment_width 0.2)
    (edge_width 0.15)
    (via_size 0.8)
    (via_drill 0.4)
    (via_min_size 0.4)
    (via_min_drill 0.3)
    (uvia_size 0.3)
    (uvia_drill 0.1)
    (uvias_allowed no)
    (uvia_min_size 0.2)
    (uvia_min_drill 0.1)
    (pcb_text_width 0.3)
    (pcb_text_size 1.5 1.5)
    (mod_edge_width 0.15)
    (mod_text_size 1 1)
    (mod_text_width 0.15)
    (pad_size 1.524 1.524)
    (pad_drill 0.762)
    (pad_to_mask_clearance 0.2)
    (aux_axis_origin 0 0)
    (visible_elements FFFFFF7F)
    (pcbplotparams
      (layerselection 0x010fc_ffffffff)
      (usegerberextensions false)
      (usegerberattributes false)
      (usegerberadvancedattributes false)
      (creategerberjobfile false)
      (excludeedgelayer true)
      (linewidth 0.100000)
      (plotframeref false)
      (viasonmask false)
      (mode 1)
      (useauxorigin false)
      (hpglpennumber 1)
      (hpglpenspeed 20)
      (hpglpendiameter 15)
      (psnegative false)
      (psa4output false)
      (plotreference true)
      (plotvalue true)
      (plotinvisibletext false)
      (padsonsilk false)
      (subtractmaskfromsilk false)
      (outputformat 1)
      (mirror false)
      (drillshape 1)
      (scaleselection 1)
      (outputdirectory ""))
  )

  (net 0 "")
  (net 1 "Net-(J2-Pad1)")
  (net 2 "Net-(C1-Pad1)")
  (net 3 "Net-(C2-Pad1)")
  (net 4 "Net-(J2-Pad2)")
  (net 5 "Net-(C1-Pad2)")

  (net_class Default "This is the default net class."
    (clearance 0.2)
    (trace_width 0.4)
    (via_dia 0.8)
    (via_drill 0.4)
    (uvia_dia 0.3)
    (uvia_drill 0.1)
    (add_net "Net-(C1-Pad1)")
    (add_net "Net-(C1-Pad2)")
    (add_net "Net-(C2-Pad1)")
    (add_net "Net-(J2-Pad1)")
    (add_net "Net-(J2-Pad2)")
  )

  (module Capacitor_SMD:C_1206_3216Metric_Pad1.42x1.75mm_HandSolder (layer F.Cu) (tedit 5B301BBE) (tstamp 5C9AEBCD)
    (at 148 124 270)
    (descr "Capacitor SMD 1206 (3216 Metric), square (rectangular) end terminal, IPC_7351 nominal with elongated pad for handsoldering. (Body size source: http://www.tortai-tech.com/upload/download/2011102023233369053.pdf), generated with kicad-footprint-generator")
    (tags "capacitor handsolder")
    (path /5C8E67F7)
    (attr smd)
    (fp_text reference C2 (at 0 -1.82 270) (layer F.SilkS)
      (effects (font (size 1 1) (thickness 0.15)))
    )
    (fp_text value C (at 0 1.82 270) (layer F.Fab)
      (effects (font (size 1 1) (thickness 0.15)))
    )
    (fp_text user %R (at 0 0 270) (layer F.Fab)
      (effects (font (size 0.8 0.8) (thickness 0.12)))
    )
    (fp_line (start 2.45 1.12) (end -2.45 1.12) (layer F.CrtYd) (width 0.05))
    (fp_line (start 2.45 -1.12) (end 2.45 1.12) (layer F.CrtYd) (width 0.05))
    (fp_line (start -2.45 -1.12) (end 2.45 -1.12) (layer F.CrtYd) (width 0.05))
    (fp_line (start -2.45 1.12) (end -2.45 -1.12) (layer F.CrtYd) (width 0.05))
    (fp_line (start -0.602064 0.91) (end 0.602064 0.91) (layer F.SilkS) (width 0.12))
    (fp_line (start -0.602064 -0.91) (end 0.602064 -0.91) (layer F.SilkS) (width 0.12))
    (fp_line (start 1.6 0.8) (end -1.6 0.8) (layer F.Fab) (width 0.1))
    (fp_line (start 1.6 -0.8) (end 1.6 0.8) (layer F.Fab) (width 0.1))
    (fp_line (start -1.6 -0.8) (end 1.6 -0.8) (layer F.Fab) (width 0.1))
    (fp_line (start -1.6 0.8) (end -1.6 -0.8) (layer F.Fab) (width 0.1))
    (pad 2 smd roundrect (at 1.4875 0 270) (size 1.425 1.75) (layers F.Cu F.Paste F.Mask) (roundrect_rratio 0.175439)
      (net 5 "Net-(C1-Pad2)"))
    (pad 1 smd roundrect (at -1.4875 0 270) (size 1.425 1.75) (layers F.Cu F.Paste F.Mask) (roundrect_rratio 0.175439)
      (net 3 "Net-(C2-Pad1)"))
    (model ${KISYS3DMOD}/Capacitor_SMD.3dshapes/C_1206_3216Metric.wrl
      (at (xyz 0 0 0))
      (scale (xyz 1 1 1))
      (rotate (xyz 0 0 0))
    )
  )

  (module Capacitor_SMD:C_1206_3216Metric_Pad1.42x1.75mm_HandSolder (layer F.Cu) (tedit 5B301BBE) (tstamp 5C9AEBBC)
    (at 143 124 270)
    (descr "Capacitor SMD 1206 (3216 Metric), square (rectangular) end terminal, IPC_7351 nominal with elongated pad for handsoldering. (Body size source: http://www.tortai-tech.com/upload/download/2011102023233369053.pdf), generated with kicad-footprint-generator")
    (tags "capacitor handsolder")
    (path /5C8E67C6)
    (attr smd)
    (fp_text reference C1 (at 0 -1.82 270) (layer F.SilkS)
      (effects (font (size 1 1) (thickness 0.15)))
    )
    (fp_text value C (at 0 1.82 270) (layer F.Fab)
      (effects (font (size 1 1) (thickness 0.15)))
    )
    (fp_line (start -1.6 0.8) (end -1.6 -0.8) (layer F.Fab) (width 0.1))
    (fp_line (start -1.6 -0.8) (end 1.6 -0.8) (layer F.Fab) (width 0.1))
    (fp_line (start 1.6 -0.8) (end 1.6 0.8) (layer F.Fab) (width 0.1))
    (fp_line (start 1.6 0.8) (end -1.6 0.8) (layer F.Fab) (width 0.1))
    (fp_line (start -0.602064 -0.91) (end 0.602064 -0.91) (layer F.SilkS) (width 0.12))
    (fp_line (start -0.602064 0.91) (end 0.602064 0.91) (layer F.SilkS) (width 0.12))
    (fp_line (start -2.45 1.12) (end -2.45 -1.12) (layer F.CrtYd) (width 0.05))
    (fp_line (start -2.45 -1.12) (end 2.45 -1.12) (layer F.CrtYd) (width 0.05))
    (fp_line (start 2.45 -1.12) (end 2.45 1.12) (layer F.CrtYd) (width 0.05))
    (fp_line (start 2.45 1.12) (end -2.45 1.12) (layer F.CrtYd) (width 0.05))
    (fp_text user %R (at 0 0 270) (layer F.Fab)
      (effects (font (size 0.8 0.8) (thickness 0.12)))
    )
    (pad 1 smd roundrect (at -1.4875 0 270) (size 1.425 1.75) (layers F.Cu F.Paste F.Mask) (roundrect_rratio 0.175439)
      (net 2 "Net-(C1-Pad1)"))
    (pad 2 smd roundrect (at 1.4875 0 270) (size 1.425 1.75) (layers F.Cu F.Paste F.Mask) (roundrect_rratio 0.175439)
      (net 5 "Net-(C1-Pad2)"))
    (model ${KISYS3DMOD}/Capacitor_SMD.3dshapes/C_1206_3216Metric.wrl
      (at (xyz 0 0 0))
      (scale (xyz 1 1 1))
      (rotate (xyz 0 0 0))
    )
  )

  (module Connector_PinSocket_2.54mm:PinSocket_1x01_P2.54mm_Vertical (layer F.Cu) (tedit 5A19A434) (tstamp 5C9AEB83)
    (at 145.5 128.5)
    (descr "Through hole straight socket strip, 1x01, 2.54mm pitch, single row (from Kicad 4.0.7), script generated")
    (tags "Through hole socket strip THT 1x01 2.54mm single row")
    (path /5C8E6B3A)
    (fp_text reference J1 (at 0 -2.77) (layer F.SilkS)
      (effects (font (size 1 1) (thickness 0.15)))
    )
    (fp_text value GND (at 0 2.77) (layer F.Fab)
      (effects (font (size 1 1) (thickness 0.15)))
    )
    (fp_line (start -1.27 -1.27) (end 0.635 -1.27) (layer F.Fab) (width 0.1))
    (fp_line (start 0.635 -1.27) (end 1.27 -0.635) (layer F.Fab) (width 0.1))
    (fp_line (start 1.27 -0.635) (end 1.27 1.27) (layer F.Fab) (width 0.1))
    (fp_line (start 1.27 1.27) (end -1.27 1.27) (layer F.Fab) (width 0.1))
    (fp_line (start -1.27 1.27) (end -1.27 -1.27) (layer F.Fab) (width 0.1))
    (fp_line (start -1.33 1.33) (end 1.33 1.33) (layer F.SilkS) (width 0.12))
    (fp_line (start -1.33 1.21) (end -1.33 1.33) (layer F.SilkS) (width 0.12))
    (fp_line (start 1.33 1.21) (end 1.33 1.33) (layer F.SilkS) (width 0.12))
    (fp_line (start 1.33 -1.33) (end 1.33 0) (layer F.SilkS) (width 0.12))
    (fp_line (start 0 -1.33) (end 1.33 -1.33) (layer F.SilkS) (width 0.12))
    (fp_line (start -1.8 -1.8) (end 1.75 -1.8) (layer F.CrtYd) (width 0.05))
    (fp_line (start 1.75 -1.8) (end 1.75 1.75) (layer F.CrtYd) (width 0.05))
    (fp_line (start 1.75 1.75) (end -1.8 1.75) (layer F.CrtYd) (width 0.05))
    (fp_line (start -1.8 1.75) (end -1.8 -1.8) (layer F.CrtYd) (width 0.05))
    (fp_text user %R (at 0 0) (layer F.Fab)
      (effects (font (size 1 1) (thickness 0.15)))
    )
    (pad 1 thru_hole rect (at 0 0) (size 1.7 1.7) (drill 1) (layers *.Cu *.Mask)
      (net 5 "Net-(C1-Pad2)"))
    (model ${KISYS3DMOD}/Connector_PinSocket_2.54mm.3dshapes/PinSocket_1x01_P2.54mm_Vertical.wrl
      (at (xyz 0 0 0))
      (scale (xyz 1 1 1))
      (rotate (xyz 0 0 0))
    )
  )

  (module Crystal:Crystal_HC49-U_Vertical (layer F.Cu) (tedit 5A1AD3B8) (tstamp 5C9AEB6F)
    (at 143 117.5)
    (descr "Crystal THT HC-49/U http://5hertz.com/pdfs/04404_D.pdf")
    (tags "THT crystalHC-49/U")
    (path /5C8E676F)
    (fp_text reference Y1 (at 2.44 5) (layer F.SilkS)
      (effects (font (size 1 1) (thickness 0.15)))
    )
    (fp_text value Crystal (at 2.44 3.525) (layer F.Fab)
      (effects (font (size 1 1) (thickness 0.15)))
    )
    (fp_arc (start 5.565 0) (end 5.565 -2.525) (angle 180) (layer F.SilkS) (width 0.12))
    (fp_arc (start -0.685 0) (end -0.685 -2.525) (angle -180) (layer F.SilkS) (width 0.12))
    (fp_arc (start 5.44 0) (end 5.44 -2) (angle 180) (layer F.Fab) (width 0.1))
    (fp_arc (start -0.56 0) (end -0.56 -2) (angle -180) (layer F.Fab) (width 0.1))
    (fp_arc (start 5.565 0) (end 5.565 -2.325) (angle 180) (layer F.Fab) (width 0.1))
    (fp_arc (start -0.685 0) (end -0.685 -2.325) (angle -180) (layer F.Fab) (width 0.1))
    (fp_line (start 8.4 -2.8) (end -3.5 -2.8) (layer F.CrtYd) (width 0.05))
    (fp_line (start 8.4 2.8) (end 8.4 -2.8) (layer F.CrtYd) (width 0.05))
    (fp_line (start -3.5 2.8) (end 8.4 2.8) (layer F.CrtYd) (width 0.05))
    (fp_line (start -3.5 -2.8) (end -3.5 2.8) (layer F.CrtYd) (width 0.05))
    (fp_line (start -0.685 2.525) (end 5.565 2.525) (layer F.SilkS) (width 0.12))
    (fp_line (start -0.685 -2.525) (end 5.565 -2.525) (layer F.SilkS) (width 0.12))
    (fp_line (start -0.56 2) (end 5.44 2) (layer F.Fab) (width 0.1))
    (fp_line (start -0.56 -2) (end 5.44 -2) (layer F.Fab) (width 0.1))
    (fp_line (start -0.685 2.325) (end 5.565 2.325) (layer F.Fab) (width 0.1))
    (fp_line (start -0.685 -2.325) (end 5.565 -2.325) (layer F.Fab) (width 0.1))
    (fp_text user %R (at 2.44 0) (layer F.Fab)
      (effects (font (size 1 1) (thickness 0.15)))
    )
    (pad 2 thru_hole circle (at 4.88 0) (size 1.5 1.5) (drill 0.8) (layers *.Cu *.Mask)
      (net 3 "Net-(C2-Pad1)"))
    (pad 1 thru_hole circle (at 0 0) (size 1.5 1.5) (drill 0.8) (layers *.Cu *.Mask)
      (net 2 "Net-(C1-Pad1)"))
    (model ${KISYS3DMOD}/Crystal.3dshapes/Crystal_HC49-U_Vertical.wrl
      (at (xyz 0 0 0))
      (scale (xyz 1 1 1))
      (rotate (xyz 0 0 0))
    )
  )

  (module Crystal:Crystal_HC49-U_Vertical (layer F.Cu) (tedit 5A1AD3B8) (tstamp 5C9AEB58)
    (at 143 107)
    (descr "Crystal THT HC-49/U http://5hertz.com/pdfs/04404_D.pdf")
    (tags "THT crystalHC-49/U")
    (path /5C8E661E)
    (fp_text reference J2 (at 2.44 -3.525) (layer F.SilkS)
      (effects (font (size 1 1) (thickness 0.15)))
    )
    (fp_text value Conn_01x02 (at 2.44 -5) (layer F.Fab)
      (effects (font (size 1 1) (thickness 0.15)))
    )
    (fp_text user %R (at 2.44 0) (layer F.Fab)
      (effects (font (size 1 1) (thickness 0.15)))
    )
    (fp_line (start -0.685 -2.325) (end 5.565 -2.325) (layer F.Fab) (width 0.1))
    (fp_line (start -0.685 2.325) (end 5.565 2.325) (layer F.Fab) (width 0.1))
    (fp_line (start -0.56 -2) (end 5.44 -2) (layer F.Fab) (width 0.1))
    (fp_line (start -0.56 2) (end 5.44 2) (layer F.Fab) (width 0.1))
    (fp_line (start -0.685 -2.525) (end 5.565 -2.525) (layer F.SilkS) (width 0.12))
    (fp_line (start -0.685 2.525) (end 5.565 2.525) (layer F.SilkS) (width 0.12))
    (fp_line (start -3.5 -2.8) (end -3.5 2.8) (layer F.CrtYd) (width 0.05))
    (fp_line (start -3.5 2.8) (end 8.4 2.8) (layer F.CrtYd) (width 0.05))
    (fp_line (start 8.4 2.8) (end 8.4 -2.8) (layer F.CrtYd) (width 0.05))
    (fp_line (start 8.4 -2.8) (end -3.5 -2.8) (layer F.CrtYd) (width 0.05))
    (fp_arc (start -0.685 0) (end -0.685 -2.325) (angle -180) (layer F.Fab) (width 0.1))
    (fp_arc (start 5.565 0) (end 5.565 -2.325) (angle 180) (layer F.Fab) (width 0.1))
    (fp_arc (start -0.56 0) (end -0.56 -2) (angle -180) (layer F.Fab) (width 0.1))
    (fp_arc (start 5.44 0) (end 5.44 -2) (angle 180) (layer F.Fab) (width 0.1))
    (fp_arc (start -0.685 0) (end -0.685 -2.525) (angle -180) (layer F.SilkS) (width 0.12))
    (fp_arc (start 5.565 0) (end 5.565 -2.525) (angle 180) (layer F.SilkS) (width 0.12))
    (pad 1 thru_hole circle (at 0 0) (size 1.5 1.5) (drill 0.8) (layers *.Cu *.Mask)
      (net 1 "Net-(J2-Pad1)"))
    (pad 2 thru_hole circle (at 4.88 0) (size 1.5 1.5) (drill 0.8) (layers *.Cu *.Mask)
      (net 4 "Net-(J2-Pad2)"))
    (model ${KISYS3DMOD}/Crystal.3dshapes/Crystal_HC49-U_Vertical.wrl
      (at (xyz 0 0 0))
      (scale (xyz 1 1 1))
      (rotate (xyz 0 0 0))
    )
  )

  (module Resistor_SMD:R_1206_3216Metric_Pad1.42x1.75mm_HandSolder (layer F.Cu) (tedit 5B301BBD) (tstamp 5C9AF001)
    (at 148 112 270)
    (descr "Resistor SMD 1206 (3216 Metric), square (rectangular) end terminal, IPC_7351 nominal with elongated pad for handsoldering. (Body size source: http://www.tortai-tech.com/upload/download/2011102023233369053.pdf), generated with kicad-footprint-generator")
    (tags "resistor handsolder")
    (path /5C8E6842)
    (attr smd)
    (fp_text reference R2 (at 0 -1.82 270) (layer F.SilkS)
      (effects (font (size 1 1) (thickness 0.15)))
    )
    (fp_text value R (at 0 1.82 270) (layer F.Fab)
      (effects (font (size 1 1) (thickness 0.15)))
    )
    (fp_text user %R (at 0 0 270) (layer F.Fab)
      (effects (font (size 0.8 0.8) (thickness 0.12)))
    )
    (fp_line (start 2.45 1.12) (end -2.45 1.12) (layer F.CrtYd) (width 0.05))
    (fp_line (start 2.45 -1.12) (end 2.45 1.12) (layer F.CrtYd) (width 0.05))
    (fp_line (start -2.45 -1.12) (end 2.45 -1.12) (layer F.CrtYd) (width 0.05))
    (fp_line (start -2.45 1.12) (end -2.45 -1.12) (layer F.CrtYd) (width 0.05))
    (fp_line (start -0.602064 0.91) (end 0.602064 0.91) (layer F.SilkS) (width 0.12))
    (fp_line (start -0.602064 -0.91) (end 0.602064 -0.91) (layer F.SilkS) (width 0.12))
    (fp_line (start 1.6 0.8) (end -1.6 0.8) (layer F.Fab) (width 0.1))
    (fp_line (start 1.6 -0.8) (end 1.6 0.8) (layer F.Fab) (width 0.1))
    (fp_line (start -1.6 -0.8) (end 1.6 -0.8) (layer F.Fab) (width 0.1))
    (fp_line (start -1.6 0.8) (end -1.6 -0.8) (layer F.Fab) (width 0.1))
    (pad 2 smd roundrect (at 1.4875 0 270) (size 1.425 1.75) (layers F.Cu F.Paste F.Mask) (roundrect_rratio 0.175439)
      (net 3 "Net-(C2-Pad1)"))
    (pad 1 smd roundrect (at -1.4875 0 270) (size 1.425 1.75) (layers F.Cu F.Paste F.Mask) (roundrect_rratio 0.175439)
      (net 4 "Net-(J2-Pad2)"))
    (model ${KISYS3DMOD}/Resistor_SMD.3dshapes/R_1206_3216Metric.wrl
      (at (xyz 0 0 0))
      (scale (xyz 1 1 1))
      (rotate (xyz 0 0 0))
    )
  )

  (module Resistor_SMD:R_1206_3216Metric_Pad1.42x1.75mm_HandSolder (layer F.Cu) (tedit 5B301BBD) (tstamp 5C9AEB30)
    (at 143 112 270)
    (descr "Resistor SMD 1206 (3216 Metric), square (rectangular) end terminal, IPC_7351 nominal with elongated pad for handsoldering. (Body size source: http://www.tortai-tech.com/upload/download/2011102023233369053.pdf), generated with kicad-footprint-generator")
    (tags "resistor handsolder")
    (path /5C8E68A6)
    (attr smd)
    (fp_text reference R1 (at 0 -1.82 270) (layer F.SilkS)
      (effects (font (size 1 1) (thickness 0.15)))
    )
    (fp_text value R (at 0 1.82 270) (layer F.Fab)
      (effects (font (size 1 1) (thickness 0.15)))
    )
    (fp_line (start -1.6 0.8) (end -1.6 -0.8) (layer F.Fab) (width 0.1))
    (fp_line (start -1.6 -0.8) (end 1.6 -0.8) (layer F.Fab) (width 0.1))
    (fp_line (start 1.6 -0.8) (end 1.6 0.8) (layer F.Fab) (width 0.1))
    (fp_line (start 1.6 0.8) (end -1.6 0.8) (layer F.Fab) (width 0.1))
    (fp_line (start -0.602064 -0.91) (end 0.602064 -0.91) (layer F.SilkS) (width 0.12))
    (fp_line (start -0.602064 0.91) (end 0.602064 0.91) (layer F.SilkS) (width 0.12))
    (fp_line (start -2.45 1.12) (end -2.45 -1.12) (layer F.CrtYd) (width 0.05))
    (fp_line (start -2.45 -1.12) (end 2.45 -1.12) (layer F.CrtYd) (width 0.05))
    (fp_line (start 2.45 -1.12) (end 2.45 1.12) (layer F.CrtYd) (width 0.05))
    (fp_line (start 2.45 1.12) (end -2.45 1.12) (layer F.CrtYd) (width 0.05))
    (fp_text user %R (at 0 0 270) (layer F.Fab)
      (effects (font (size 0.8 0.8) (thickness 0.12)))
    )
    (pad 1 smd roundrect (at -1.4875 0 270) (size 1.425 1.75) (layers F.Cu F.Paste F.Mask) (roundrect_rratio 0.175439)
      (net 1 "Net-(J2-Pad1)"))
    (pad 2 smd roundrect (at 1.4875 0 270) (size 1.425 1.75) (layers F.Cu F.Paste F.Mask) (roundrect_rratio 0.175439)
      (net 2 "Net-(C1-Pad1)"))
    (model ${KISYS3DMOD}/Resistor_SMD.3dshapes/R_1206_3216Metric.wrl
      (at (xyz 0 0 0))
      (scale (xyz 1 1 1))
      (rotate (xyz 0 0 0))
    )
  )

  (dimension 26.5 (width 0.3) (layer F.SilkS)
    (gr_text "26,500 mm" (at 133.4 117.25 90) (layer F.SilkS)
      (effects (font (size 1.5 1.5) (thickness 0.3)))
    )
    (feature1 (pts (xy 139 104) (xy 134.913579 104)))
    (feature2 (pts (xy 139 130.5) (xy 134.913579 130.5)))
    (crossbar (pts (xy 135.5 130.5) (xy 135.5 104)))
    (arrow1a (pts (xy 135.5 104) (xy 136.086421 105.126504)))
    (arrow1b (pts (xy 135.5 104) (xy 134.913579 105.126504)))
    (arrow2a (pts (xy 135.5 130.5) (xy 136.086421 129.373496)))
    (arrow2b (pts (xy 135.5 130.5) (xy 134.913579 129.373496)))
  )
  (dimension 13 (width 0.3) (layer F.SilkS)
    (gr_text "13,000 mm" (at 145.5 96.4) (layer F.SilkS)
      (effects (font (size 1.5 1.5) (thickness 0.3)))
    )
    (feature1 (pts (xy 152 104) (xy 152 97.913579)))
    (feature2 (pts (xy 139 104) (xy 139 97.913579)))
    (crossbar (pts (xy 139 98.5) (xy 152 98.5)))
    (arrow1a (pts (xy 152 98.5) (xy 150.873496 99.086421)))
    (arrow1b (pts (xy 152 98.5) (xy 150.873496 97.913579)))
    (arrow2a (pts (xy 139 98.5) (xy 140.126504 99.086421)))
    (arrow2b (pts (xy 139 98.5) (xy 140.126504 97.913579)))
  )
  (gr_line (start 139 130.5) (end 152 130.5) (layer Edge.Cuts) (width 0.15))
  (gr_line (start 139 104) (end 139 130.5) (layer Edge.Cuts) (width 0.15))
  (gr_line (start 152 104) (end 152 130.5) (layer Edge.Cuts) (width 0.15))
  (gr_line (start 139 104) (end 152 104) (layer Edge.Cuts) (width 0.15))

  (segment (start 143 107) (end 143 110.5125) (width 0.4) (layer F.Cu) (net 1))
  (segment (start 143 114.3) (end 143 117.5) (width 0.4) (layer F.Cu) (net 2))
  (segment (start 143 113.4875) (end 143 114.3) (width 0.4) (layer F.Cu) (net 2))
  (segment (start 143 117.5) (end 143 122.5125) (width 0.4) (layer F.Cu) (net 2))
  (segment (start 147.88 113.6075) (end 148 113.4875) (width 0.4) (layer F.Cu) (net 3))
  (segment (start 147.88 117.5) (end 147.88 113.6075) (width 0.4) (layer F.Cu) (net 3))
  (segment (start 148 117.62) (end 147.88 117.5) (width 0.4) (layer F.Cu) (net 3))
  (segment (start 148 122.5125) (end 148 117.62) (width 0.4) (layer F.Cu) (net 3))
  (segment (start 148 107.12) (end 147.88 107) (width 0.4) (layer F.Cu) (net 4))
  (segment (start 148 110.5125) (end 148 107.12) (width 0.4) (layer F.Cu) (net 4))
  (segment (start 143 125.4875) (end 145.5 127.9875) (width 0.4) (layer F.Cu) (net 5))
  (segment (start 145.5 127.9875) (end 145.5 128.5) (width 0.4) (layer F.Cu) (net 5))
  (segment (start 148 125.4875) (end 145.5 127.9875) (width 0.4) (layer F.Cu) (net 5))

  (zone (net 5) (net_name "Net-(C1-Pad2)") (layer F.Cu) (tstamp 0) (hatch edge 0.508)
    (connect_pads (clearance 1))
    (min_thickness 1)
    (fill yes (arc_segments 16) (thermal_gap 1) (thermal_bridge_width 1.1))
    (polygon
      (pts
        (xy 139 104) (xy 152 104) (xy 152 130.5) (xy 139 130.5)
      )
    )
    (filled_polygon
      (pts
        (xy 141.092542 105.725477) (xy 140.75 106.552447) (xy 140.75 107.447553) (xy 141.092542 108.274523) (xy 141.3 108.481981)
        (xy 141.3 108.669363) (xy 141.116784 108.791784) (xy 140.731062 109.369058) (xy 140.595614 110.05) (xy 140.595614 110.975)
        (xy 140.731062 111.655942) (xy 140.960954 112) (xy 140.731062 112.344058) (xy 140.595614 113.025) (xy 140.595614 113.95)
        (xy 140.731062 114.630942) (xy 141.116784 115.208216) (xy 141.3 115.330637) (xy 141.300001 116.018018) (xy 141.092542 116.225477)
        (xy 140.75 117.052447) (xy 140.75 117.947553) (xy 141.092542 118.774523) (xy 141.3 118.981981) (xy 141.300001 120.669363)
        (xy 141.116784 120.791784) (xy 140.731062 121.369058) (xy 140.595614 122.05) (xy 140.595614 122.975) (xy 140.731062 123.655942)
        (xy 140.887945 123.890735) (xy 140.853362 123.925318) (xy 140.625 124.476631) (xy 140.625 125.0625) (xy 141 125.4375)
        (xy 142.95 125.4375) (xy 142.95 125.4175) (xy 143.05 125.4175) (xy 143.05 125.4375) (xy 145 125.4375)
        (xy 145.375 125.0625) (xy 145.375 124.476631) (xy 145.146638 123.925318) (xy 145.112055 123.890735) (xy 145.268938 123.655942)
        (xy 145.404386 122.975) (xy 145.404386 122.05) (xy 145.268938 121.369058) (xy 144.883216 120.791784) (xy 144.7 120.669363)
        (xy 144.7 118.981981) (xy 144.907458 118.774523) (xy 145.25 117.947553) (xy 145.25 117.052447) (xy 144.907458 116.225477)
        (xy 144.7 116.018019) (xy 144.7 115.330637) (xy 144.883216 115.208216) (xy 145.268938 114.630942) (xy 145.404386 113.95)
        (xy 145.404386 113.025) (xy 145.268938 112.344058) (xy 145.039046 112) (xy 145.268938 111.655942) (xy 145.404386 110.975)
        (xy 145.404386 110.05) (xy 145.268938 109.369058) (xy 144.883216 108.791784) (xy 144.7 108.669363) (xy 144.7 108.481981)
        (xy 144.907458 108.274523) (xy 145.25 107.447553) (xy 145.25 106.552447) (xy 144.907458 105.725477) (xy 144.756981 105.575)
        (xy 146.123019 105.575) (xy 145.972542 105.725477) (xy 145.63 106.552447) (xy 145.63 107.447553) (xy 145.972542 108.274523)
        (xy 146.300001 108.601982) (xy 146.300001 108.669363) (xy 146.116784 108.791784) (xy 145.731062 109.369058) (xy 145.595614 110.05)
        (xy 145.595614 110.975) (xy 145.731062 111.655942) (xy 145.960954 112) (xy 145.731062 112.344058) (xy 145.595614 113.025)
        (xy 145.595614 113.95) (xy 145.731062 114.630942) (xy 146.116784 115.208216) (xy 146.180001 115.250456) (xy 146.18 116.018019)
        (xy 145.972542 116.225477) (xy 145.63 117.052447) (xy 145.63 117.947553) (xy 145.972542 118.774523) (xy 146.300001 119.101982)
        (xy 146.3 120.669363) (xy 146.116784 120.791784) (xy 145.731062 121.369058) (xy 145.595614 122.05) (xy 145.595614 122.975)
        (xy 145.731062 123.655942) (xy 145.887945 123.890735) (xy 145.853362 123.925318) (xy 145.625 124.476631) (xy 145.625 125.0625)
        (xy 146 125.4375) (xy 147.95 125.4375) (xy 147.95 125.4175) (xy 148.05 125.4175) (xy 148.05 125.4375)
        (xy 150 125.4375) (xy 150.375 125.0625) (xy 150.375 124.476631) (xy 150.146638 123.925318) (xy 150.112055 123.890735)
        (xy 150.268938 123.655942) (xy 150.404386 122.975) (xy 150.404386 122.05) (xy 150.268938 121.369058) (xy 149.883216 120.791784)
        (xy 149.7 120.669363) (xy 149.7 118.861981) (xy 149.787458 118.774523) (xy 150.13 117.947553) (xy 150.13 117.052447)
        (xy 149.787458 116.225477) (xy 149.58 116.018019) (xy 149.58 115.410818) (xy 149.883216 115.208216) (xy 150.268938 114.630942)
        (xy 150.404386 113.95) (xy 150.404386 113.025) (xy 150.268938 112.344058) (xy 150.039046 112) (xy 150.268938 111.655942)
        (xy 150.404386 110.975) (xy 150.404386 110.05) (xy 150.268938 109.369058) (xy 149.883216 108.791784) (xy 149.7 108.669363)
        (xy 149.7 108.361981) (xy 149.787458 108.274523) (xy 150.13 107.447553) (xy 150.13 106.552447) (xy 149.787458 105.725477)
        (xy 149.636981 105.575) (xy 150.425 105.575) (xy 150.425001 128.925) (xy 147.85 128.925) (xy 147.475 128.55)
        (xy 145.55 128.55) (xy 145.55 128.57) (xy 145.45 128.57) (xy 145.45 128.55) (xy 143.525 128.55)
        (xy 143.15 128.925) (xy 140.575 128.925) (xy 140.575 125.9125) (xy 140.625 125.9125) (xy 140.625 126.498369)
        (xy 140.853362 127.049682) (xy 141.275319 127.471639) (xy 141.826632 127.7) (xy 142.575 127.7) (xy 142.95 127.325)
        (xy 142.95 125.5375) (xy 143.05 125.5375) (xy 143.05 127.325) (xy 143.15 127.425) (xy 143.15 128.075)
        (xy 143.525 128.45) (xy 145.45 128.45) (xy 145.45 126.525) (xy 145.55 126.525) (xy 145.55 128.45)
        (xy 147.475 128.45) (xy 147.85 128.075) (xy 147.85 127.425) (xy 147.95 127.325) (xy 147.95 125.5375)
        (xy 148.05 125.5375) (xy 148.05 127.325) (xy 148.425 127.7) (xy 149.173368 127.7) (xy 149.724681 127.471639)
        (xy 150.146638 127.049682) (xy 150.375 126.498369) (xy 150.375 125.9125) (xy 150 125.5375) (xy 148.05 125.5375)
        (xy 147.95 125.5375) (xy 146 125.5375) (xy 145.625 125.9125) (xy 145.625 126.45) (xy 145.55 126.525)
        (xy 145.45 126.525) (xy 145.375 126.45) (xy 145.375 125.9125) (xy 145 125.5375) (xy 143.05 125.5375)
        (xy 142.95 125.5375) (xy 141 125.5375) (xy 140.625 125.9125) (xy 140.575 125.9125) (xy 140.575 105.575)
        (xy 141.243019 105.575)
      )
    )
  )
)
